<?xml version="1.0"?>
<opencv_storage>
<calibrationDate>"Wed Feb  7 20:11:32 2018"</calibrationDate>
<framesCount>12</framesCount>
<cameraResolution>
  1280 720</cameraResolution>
<cameraMatrix type_id="opencv-matrix">
  <rows>3</rows>
  <cols>3</cols>
  <dt>d</dt>
  <data>
    1.2522471126459800e+03 0. 6.1724173580467107e+02 0.
    1.2522471126459800e+03 3.0883837638358619e+02 0. 0. 1.</data></cameraMatrix>
<cameraMatrix_std_dev type_id="opencv-matrix">
  <rows>4</rows>
  <cols>1</cols>
  <dt>d</dt>
  <data>
    0. 5.9977632069093040e+01 1.2179184245784109e+01
    1.3173815492494207e+01</data></cameraMatrix_std_dev>
<dist_coeffs type_id="opencv-matrix">
  <rows>1</rows>
  <cols>5</cols>
  <dt>d</dt>
  <data>
    -3.0075450734301268e-01 5.2034021230266936e-01
    -2.7004158974004307e-03 1.0791605890294514e-02
    -9.2571589159495127e-01</data></dist_coeffs>
<dist_coeffs_std_dev type_id="opencv-matrix">
  <rows>5</rows>
  <cols>1</cols>
  <dt>d</dt>
  <data>
    3.6836168626988158e-02 2.0461588273115683e-01 1.6001503378074542e-03
    1.9300446295668157e-03 4.3942415739614943e-01</data></dist_coeffs_std_dev>
<avg_reprojection_error>1.4090634274298424e+00</avg_reprojection_error>
</opencv_storage>
